31,31,31,31,31,31,31,31,31,31,31,31,31,31,31,31,31,31,31,31,31,31,31,31,31,31,31,31,31,31,31,31,31,31,31,31,31,31,31,31,31,31,31,31,31,31,31,31,31,31,31,31,31,31,31,31,31,31,31,31,31,31,31,31,31,31,31,31,31,31
31,31,31,31,31,31,31,31,31,31,31,31,31,31,31,31,31,31,31,31,31,31,31,31,31,31,31,31,31,31,31,31,31,31,31,31,31,31,31,31,31,31,31,31,31,31,31,31,31,31,31,31,31,31,31,31,31,31,31,31,31,31,31,31,31,31,31,31,31,31
31,31,31,31,31,31,31,31,31,31,31,31,31,31,31,31,31,31,31,31,31,31,31,31,31,31,31,31,31,31,31,31,31,31,31,31,31,31,31,31,31,31,31,31,31,31,31,31,31,31,31,31,31,31,31,31,31,31,31,31,31,31,31,31,31,31,31,31,31,31
31,31,31,31,31,31,31,31,31,31,31,31,31,31,31,31,31,31,31,31,31,31,31,31,31,31,31,31,31,31,31,31,31,31,31,31,31,31,31,31,31,31,31,31,31,31,31,31,31,31,31,31,31,31,31,31,31,31,31,31,31,31,31,31,31,31,31,31,31,31
31,31,31,31,31,31,31,31,31,31,31,31,31,31,31,31,31,31,31,31,31,31,31,31,31,31,31,31,31,31,31,31,31,31,31,31,31,31,31,31,31,31,31,31,31,31,31,31,31,31,31,31,31,31,31,31,31,31,31,31,31,31,31,31,31,31,31,31,31,31
31,31,31,31,31,31,31,31,31,31,31,31,31,31,31,31,31,31,31,31,31,31,31,31,31,31,31,31,31,31,31,31,31,31,31,31,31,31,31,31,31,31,31,31,31,31,31,31,31,31,31,31,31,31,31,31,31,31,31,31,31,31,31,31,31,31,31,31,31,31
31,31,31,31,31,31,31,31,31,31,31,31,31,31,31,31,31,31,31,31,31,31,31,31,31,31,31,31,31,31,31,31,31,31,31,31,31,31,31,31,31,31,31,31,31,31,31,31,31,31,31,31,31,31,31,31,31,31,31,31,31,31,31,31,31,31,31,31,31,31
31,31,31,31,31,31,31,31,31,31,31,31,31,31,31,31,31,31,31,31,31,31,31,31,31,31,31,31,31,31,31,31,31,31,31,31,31,31,31,31,31,31,31,31,31,31,31,31,31,31,31,31,31,31,31,31,31,31,31,31,31,31,31,31,31,31,31,31,31,31
31,31,31,31,31,31,31,31,31,31,31,31,31,31,31,31,31,31,31,31,31,31,31,31,31,31,31,31,31,31,31,31,31,31,31,31,31,31,31,31,31,31,31,31,31,31,31,31,31,31,31,31,31,31,31,31,31,31,31,31,31,31,31,31,31,31,31,31,31,31
31,31,31,31,31,31,31,31,31,31,31,31,31,31,31,31,31,31,31,31,31,31,31,31,31,31,31,31,31,31,31,31,31,31,31,31,31,31,31,31,31,31,31,31,31,31,31,31,31,31,31,31,31,31,31,31,31,31,31,31,31,31,31,31,31,31,31,31,31,31
31,31,31,31,31,31,31,31,31,31,31,31,31,31,31,31,31,31,31,31,31,31,31,31,31,31,31,31,31,31,31,31,31,31,31,31,31,31,31,31,31,31,31,31,31,31,31,31,31,31,31,31,31,31,31,31,31,31,31,31,31,31,31,31,31,31,31,31,31,31
31,31,31,31,31,31,31,31,31,31,31,31,31,31,31,31,31,31,31,31,31,31,31,31,31,31,31,31,31,31,31,31,31,31,31,31,31,31,31,31,31,31,31,31,31,31,31,31,31,31,31,31,31,31,31,31,31,31,31,31,31,31,31,31,31,31,31,31,31,31
31,31,31,31,31,31,31,31,31,31,31,31,31,31,31,31,31,31,31,31,31,31,31,31,31,31,31,31,31,31,31,31,31,31,31,31,31,31,31,31,31,31,31,31,31,31,31,31,31,31,31,31,31,31,31,31,31,31,31,31,31,31,31,31,31,31,31,31,31,31
31,31,31,31,31,31,31,31,31,31,31,31,31,31,31,31,31,31,31,31,31,31,31,31,31,31,31,31,31,31,31,31,31,31,31,31,31,31,31,31,31,31,31,31,31,31,31,31,31,31,31,31,31,31,31,31,31,31,31,31,31,31,31,31,31,31,31,31,31,31
31,31,31,31,31,31,31,31,31,31,31,31,31,31,31,31,31,31,31,31,31,31,31,31,31,31,31,31,31,31,31,31,31,31,31,31,31,31,31,31,31,31,31,31,31,31,31,31,31,31,31,31,31,31,31,31,31,31,31,31,31,31,31,31,31,31,31,31,31,31
31,31,31,31,31,31,31,31,31,31,31,31,31,31,31,31,31,31,31,31,31,31,31,31,31,31,31,31,31,31,31,31,31,31,31,31,31,31,31,31,31,31,31,31,31,31,31,31,31,31,31,31,31,31,31,31,31,31,31,31,31,31,31,31,31,31,31,31,31,31
31,31,31,31,31,31,31,31,31,31,31,31,31,31,31,31,31,31,31,31,31,31,31,31,31,31,31,31,31,31,31,31,31,31,31,31,31,31,31,31,31,31,31,31,31,31,31,31,31,31,31,31,31,31,31,31,31,31,31,31,31,31,31,31,31,31,31,31,31,31
31,31,31,31,31,31,31,31,31,31,31,31,31,31,31,31,31,31,31,31,31,31,31,31,31,31,31,31,31,31,31,31,31,31,31,31,31,31,31,31,31,31,31,31,31,31,31,31,31,31,31,31,31,31,31,31,31,31,31,31,31,31,31,31,31,31,31,31,31,31
31,31,31,31,31,31,31,31,31,31,31,31,31,31,31,31,31,31,31,31,31,31,31,31,31,31,31,31,31,31,31,31,31,31,31,31,31,31,31,31,31,31,31,31,31,31,31,31,31,31,31,31,31,31,31,31,31,31,31,31,31,31,31,31,31,31,31,31,31,31
31,31,31,31,31,31,31,31,31,31,31,31,31,31,31,31,31,31,31,31,31,31,31,31,31,31,31,31,31,31,31,31,31,31,31,31,31,31,31,31,31,31,31,31,31,31,31,31,31,31,31,31,31,31,31,31,31,31,31,31,31,31,31,31,31,31,31,31,31,31
31,31,31,31,31,31,31,31,31,31,31,31,31,31,31,31,31,31,31,31,31,31,31,31,31,31,31,31,31,31,31,31,31,31,31,31,31,31,31,31,31,31,31,31,31,31,31,31,31,31,31,31,31,31,31,31,31,31,31,31,31,31,31,31,31,31,31,31,31,31
31,31,31,31,31,31,31,31,31,31,31,31,31,31,31,31,31,31,31,31,31,31,31,31,31,31,31,31,31,31,31,31,31,31,31,31,31,31,31,31,31,31,31,31,31,31,31,31,31,31,31,31,31,31,31,31,31,31,31,31,31,31,31,31,31,31,31,31,31,31
31,31,31,31,31,31,31,31,31,31,31,31,31,31,31,31,31,31,31,31,31,31,31,31,31,31,31,31,31,63,31,31,31,31,31,31,31,31,31,31,31,31,31,31,31,31,31,31,31,31,31,31,31,31,31,31,31,31,31,31,31,31,31,31,31,31,31,31,31,31
31,31,31,31,31,31,31,31,31,31,31,31,31,31,31,31,31,31,31,31,31,31,31,31,31,31,31,127,255,383,383,351,351,351,319,319,319,287,287,287,191,95,31,31,31,31,31,31,31,31,31,31,31,31,31,31,31,31,31,31,31,31,31,31,31,31,31,31,31,31
31,31,31,31,31,31,31,31,31,31,31,31,31,31,31,31,31,31,31,31,31,31,31,31,31,63,223,383,543,703,703,703,703,703,703,703,703,703,703,703,575,447,319,159,31,31,31,31,31,31,31,31,31,31,31,31,31,31,31,31,31,31,31,31,31,31,31,31,31,31
31,31,31,31,31,31,31,31,31,31,31,31,31,31,31,31,31,31,31,31,31,31,31,31,127,287,479,671,863,1023,1055,1055,1055,1087,1087,1087,1119,1119,1119,1151,959,799,607,447,255,95,31,31,31,31,31,31,31,31,31,31,31,31,31,31,31,31,31,31,31,31,31,31,31,31
31,31,31,31,31,31,31,31,31,31,31,31,31,31,31,31,31,31,31,31,31,31,31,127,319,543,735,959,1151,1375,1375,1407,1439,1439,1471,1503,1503,1535,1535,1567,1343,1151,927,703,511,287,95,31,31,31,31,31,31,31,31,31,31,31,31,31,31,31,31,31,31,31,31,31,31,31
31,31,31,31,31,31,31,31,31,31,31,31,31,31,31,31,31,31,31,31,31,31,63,287,511,767,991,1215,1471,1695,1727,1759,1791,1823,1855,1887,1919,1951,1983,2015,1759,1503,1247,991,735,479,223,31,31,31,31,31,31,31,31,31,31,31,31,31,31,31,31,31,31,31,31,31,31,31
31,31,31,31,31,31,31,31,31,31,31,31,31,31,31,31,31,31,31,31,31,31,223,479,735,991,1247,1503,1759,2015,2047,2046,2045,2043,2042,2041,2040,2038,2037,2036,2045,1855,1567,1279,991,671,383,95,31,31,31,31,31,31,31,31,31,31,31,31,31,31,31,31,31,31,31,31,31,31
31,31,31,31,31,31,31,31,31,31,31,31,31,31,31,31,31,31,31,31,31,95,383,639,927,1215,1503,1791,2047,2038,2037,2035,2033,2032,2030,2029,2027,2025,2024,2022,2033,2043,1887,1535,1215,895,543,223,31,31,31,31,31,31,31,31,31,31,31,31,31,31,31,31,31,31,31,31,31,31
31,31,31,31,31,31,31,31,31,31,31,31,31,31,31,31,31,31,31,31,31,223,511,831,1151,1439,1759,2047,2038,2028,2026,2024,2022,2020,2018,2016,2016,6112,10208,14304,2020,2032,2043,1823,1439,1087,703,351,31,31,31,31,31,31,31,31,31,31,31,31,31,31,31,31,31,31,31,31,31,31
31,31,31,31,31,31,31,31,31,31,31,31,31,31,31,31,31,31,31,31,63,383,703,991,1311,1631,1919,2042,2032,2022,2021,2019,2018,2017,2016,4064,8160,10208,12256,16352,2019,2030,2041,1919,1567,1215,863,511,191,31,31,31,31,31,31,31,31,31,31,31,31,31,31,31,31,31,31,31,31,31
31,31,31,31,31,31,31,31,31,31,31,31,31,31,31,31,31,31,31,31,255,543,863,1183,1503,1791,2046,2036,2026,2016,2016,2016,4064,6112,8160,10208,12256,14304,16352,16352,2018,2028,2038,2015,1695,1375,1023,703,383,63,31,31,31,31,31,31,31,31,31,31,31,31,31,31,31,31,31,31,31,31
31,31,31,31,31,31,31,31,31,31,31,31,31,31,31,31,31,31,31,95,415,735,1023,1343,1663,1983,2040,2030,2021,10208,12256,12256,12256,14304,14304,16352,16352,16352,18400,18400,2016,2026,2036,2045,1823,1503,1215,895,575,287,127,31,31,31,31,31,31,31,31,31,31,31,31,31,31,31,31,31,31,31
31,31,31,31,31,31,31,31,31,31,31,31,31,31,31,31,31,95,159,255,575,895,1215,1535,1823,2044,2035,2025,2016,22496,22496,22496,22496,22496,20448,20448,20448,20448,20448,20448,2016,2024,2033,2042,1951,1663,1375,1087,799,511,351,191,31,31,31,31,31,31,31,31,31,31,31,31,31,31,31,31,31,31
31,31,31,31,31,31,31,31,31,31,31,31,31,31,31,31,127,223,319,415,735,1055,1375,1695,2015,2039,2029,2019,14304,34784,32736,32736,30688,28640,28640,26592,24544,24544,22496,20448,4064,2022,2031,2039,2047,1791,1535,1279,991,735,543,351,191,31,31,31,31,31,31,31,31,31,31,31,31,31,31,31,31,31
31,31,31,31,31,31,31,31,31,31,31,31,31,31,31,127,223,351,479,575,895,1215,1535,1855,2043,2033,2023,6112,26592,47072,42976,40928,38880,36832,34784,32736,28640,26592,24544,22496,6112,2020,2028,2036,2043,1951,1695,1439,1215,959,767,543,351,127,31,31,31,31,31,31,31,31,31,31,31,31,31,31,31,31
31,31,31,31,31,31,31,31,31,31,31,31,31,31,63,223,351,479,607,767,1087,1407,1727,2047,2038,2028,2018,16352,36832,57312,55264,51168,47072,45024,40928,36832,34784,30688,26592,24544,10208,2018,2025,2032,2040,2047,1855,1631,1407,1183,959,735,511,287,63,31,31,31,31,31,31,31,31,31,31,31,31,31,31,31
31,31,31,31,31,31,31,31,31,31,31,31,31,31,159,319,447,607,767,927,1247,1567,1887,2043,2032,2022,8160,28640,49120,65472,65504,61408,57312,51168,47072,42976,38880,34784,28640,24544,12256,2016,2023,2029,2036,2042,2015,1823,1599,1407,1151,927,671,415,191,31,31,31,31,31,31,31,31,31,31,31,31,31,31,31
31,31,31,31,31,31,31,31,31,31,31,31,31,63,255,415,575,735,927,1087,1407,1727,2047,2037,2027,2017,18400,38880,61408,65376,65440,65472,65504,59360,53216,49120,42976,36832,32736,26592,14304,2016,2020,2026,2032,2038,2043,2015,1823,1631,1375,1087,831,575,287,31,31,31,31,31,31,31,31,31,31,31,31,31,31,31
31,31,31,31,31,31,31,31,31,31,31,31,31,127,319,511,703,863,1055,1247,1567,1887,2042,2032,2022,10208,30688,51168,65472,65280,65344,65408,65440,65504,61408,53216,47072,40928,34784,28640,16352,6112,2018,2023,2028,2033,2038,2043,2015,1855,1567,1279,991,703,415,127,31,31,31,31,31,31,31,31,31,31,31,31,31,31
31,31,31,31,31,31,31,31,31,31,31,31,31,191,383,575,735,927,1119,1311,1631,1951,2040,2030,2019,14304,34784,57312,65408,65248,65280,65344,65376,65440,65472,65504,59360,53216,47072,42976,30688,20448,10208,2016,2022,2027,2032,2037,2043,2047,1727,1439,1151,831,543,255,31,31,31,31,31,31,31,31,31,31,31,31,31,31
31,31,31,31,31,31,31,31,31,31,31,31,63,223,415,607,799,991,1183,1375,1695,2015,2038,2027,2017,18400,40928,61408,65376,65184,65248,65280,65312,65344,65408,65440,65472,65504,61408,57312,45024,34784,24544,12256,2016,2021,2026,2031,2037,2042,1919,1599,1279,991,671,351,63,31,31,31,31,31,31,31,31,31,31,31,31,31
31,31,31,31,31,31,31,31,31,31,31,31,95,287,479,671,863,1055,1247,1439,1759,2046,2036,2025,2016,24544,45024,65504,65344,65152,65184,65216,65248,65280,65312,65344,65376,65408,65440,65472,59360,49120,36832,26592,14304,4064,2020,2025,2031,2036,2046,1759,1439,1119,799,479,159,31,31,31,31,31,31,31,31,31,31,31,31,31
31,31,31,31,31,31,31,31,31,31,31,31,127,319,511,703,927,1119,1311,1503,1823,2044,2034,2023,6112,28640,49120,65472,65280,65120,65120,65152,65184,65216,65216,65248,65280,65312,65312,65344,65440,61408,51168,38880,28640,16352,4064,2019,2025,2031,2041,1919,1599,1247,927,575,255,31,31,31,31,31,31,31,31,31,31,31,31,31
31,31,31,31,31,31,31,31,31,31,31,31,191,383,575,767,959,1151,1343,1535,1887,2042,2032,2021,12256,32736,55264,65440,65248,65056,65088,65088,65120,65120,65152,65152,65184,65184,65216,65216,65344,65440,63456,53216,40928,28640,16352,6112,2019,2025,2036,2047,1727,1375,1023,703,351,31,31,31,31,31,31,31,31,31,31,31,31,31
31,31,31,31,31,31,31,31,31,31,31,31,223,447,639,831,1023,1215,1407,1599,1951,2040,2029,2019,16352,36832,59360,65376,65216,65024,65024,65024,65056,65056,65056,65088,65088,65088,65088,65120,65216,65312,65408,65504,53216,40928,30688,18400,6112,2019,2030,2042,1887,1535,1151,799,447,95,31,31,31,31,31,31,31,31,31,31,31,31
31,31,31,31,31,31,31,31,31,31,31,95,287,479,671,863,1087,1279,1471,1663,2015,2038,2027,2017,20448,42976,63456,65344,65152,64992,64992,64992,64992,64992,64992,64992,64992,64992,64992,64992,65088,65184,65312,65408,65504,55264,42976,30688,18400,6112,2025,2037,2015,1663,1279,927,543,159,31,31,31,31,31,31,31,31,31,31,31,31
31,31,31,31,31,31,31,31,31,31,31,127,319,543,735,927,1119,1343,1535,1727,2047,2036,2025,4064,24544,47072,65472,65312,65120,64928,64928,64928,64928,64896,64896,64896,64896,64864,64864,64864,64960,65088,65184,65280,65408,65504,55264,42976,30688,16352,2020,2032,2044,1791,1407,1023,639,255,31,31,31,31,31,31,31,31,31,31,31,31
31,31,31,31,31,31,31,31,31,31,31,159,383,575,767,991,1183,1375,1599,1791,2045,2034,2023,8160,30688,51168,65440,65248,65088,64896,64864,64864,64832,64832,64832,64800,64800,64768,64768,64736,64864,64960,65056,65184,65280,65408,65504,55264,40928,28640,4064,2027,2039,1919,1535,1119,735,351,31,31,31,31,31,31,31,31,31,31,31,31
31,31,31,31,31,31,31,31,31,31,31,223,415,639,831,1023,1247,1439,1663,1855,2043,2032,2021,12256,34784,57312,65408,65216,65024,64832,64832,64800,64768,64768,64736,64704,64704,64672,64640,64608,64736,64832,64960,65056,65184,65280,65408,65504,53216,40928,14304,2022,2034,2047,1663,1247,831,415,31,31,31,31,31,31,31,31,31,31,31,31
31,31,31,31,31,31,31,31,31,31,31,255,447,639,831,1023,1215,1407,1599,1791,2045,2034,2023,8160,30688,51168,65440,65248,65088,64896,64864,64864,64832,64832,64800,64800,64768,64768,64736,64736,64832,64928,65056,65152,65248,65376,65472,57312,45024,32736,6112,2025,2038,1983,1567,1183,799,383,31,31,31,31,31,31,31,31,31,31,31,31
31,31,31,31,31,31,31,31,31,31,63,255,447,639,799,991,1183,1375,1535,1727,2047,2036,2025,4064,24544,47072,65472,65312,65120,64928,64928,64896,64896,64896,64864,64864,64864,64832,64832,64832,64928,65024,65152,65248,65344,65472,59360,47072,34784,22496,2017,2029,2041,1887,1503,1119,735,351,31,31,31,31,31,31,31,31,31,31,31,31
31,31,31,31,31,31,31,31,31,31,95,287,447,639,799,991,1151,1311,1503,1663,2015,2038,2027,2017,20448,42976,63456,65344,65152,64992,64960,64960,64960,64960,64960,64928,64928,64928,64928,64928,65024,65120,65216,65344,65440,63456,51168,38880,26592,14304,2021,2032,2044,1791,1439,1055,703,351,31,31,31,31,31,31,31,31,31,31,31,31
31,31,31,31,31,31,31,31,31,31,127,287,479,639,799,959,1119,1279,1439,1599,1951,2040,2029,2019,16352,36832,59360,65376,65216,65024,65024,65024,65024,65024,65024,65024,65024,65024,65024,65024,65120,65216,65312,65440,63456,53216,40928,28640,16352,4064,2025,2036,2047,1727,1375,1023,671,319,31,31,31,31,31,31,31,31,31,31,31,31
31,31,31,31,31,31,31,31,31,31,159,319,479,639,767,927,1087,1247,1407,1535,1887,2042,2032,2021,12256,32736,55264,65440,65248,65056,65056,65088,65088,65088,65088,65088,65088,65120,65120,65120,65216,65312,65408,65504,53216,42976,30688,18400,6112,2018,2029,2040,1983,1631,1279,959,607,287,31,31,31,31,31,31,31,31,31,31,31,31
31,31,31,31,31,31,31,31,31,63,191,351,479,639,767,927,1055,1215,1343,1503,1823,2044,2034,2023,6112,28640,49120,65472,65280,65120,65120,65120,65152,65152,65152,65184,65184,65184,65216,65216,65312,65408,65504,55264,42976,32736,20448,8160,2017,2023,2033,2043,1855,1535,1215,895,575,255,31,31,31,31,31,31,31,31,31,31,31,31
31,31,31,31,31,31,31,31,31,95,223,351,511,639,767,895,1023,1151,1279,1439,1759,2046,2036,2025,2016,24544,45024,65504,65344,65152,65184,65184,65216,65216,65248,65248,65280,65280,65312,65312,65408,65504,55264,45024,32736,22496,10208,2016,2022,2027,2037,2047,1759,1471,1151,831,543,223,31,31,31,31,31,31,31,31,31,31,31,31
31,31,31,31,31,31,31,31,63,127,255,383,511,639,767,863,991,1119,1247,1375,1695,2015,2038,2027,2017,18400,40928,61408,65376,65184,65216,65248,65248,65280,65312,65344,65344,65376,65408,65408,65504,55264,45024,32736,22496,12256,2016,2021,2026,2032,2041,1951,1663,1375,1087,799,479,191,31,31,31,31,31,31,31,31,31,31,31,31
31,31,31,31,31,31,31,31,95,191,287,415,511,639,735,863,959,1087,1183,1311,1631,1951,2040,2030,2019,14304,34784,57312,65408,65248,65280,65280,65312,65344,65376,65408,65440,65472,65504,65504,55264,45024,32736,22496,12256,2016,2021,2026,2031,2036,2045,1855,1567,1279,1023,735,447,159,31,31,31,31,31,31,31,31,31,31,31,31
31,31,31,31,31,31,31,63,127,223,319,415,511,639,735,831,927,1023,1151,1247,1567,1887,2042,2032,2022,10208,30688,51168,65472,65280,65312,65344,65376,65408,65440,65472,65504,61408,57312,53216,42976,32736,22496,12256,2016,2020,2025,2031,2036,2041,2015,1727,1471,1215,927,671,415,127,31,31,31,31,31,31,31,31,31,31,31,31
31,31,31,31,31,31,31,95,159,255,351,447,543,639,735,831,927,1023,1119,1215,1567,1887,2042,2031,2021,12256,32736,55264,65440,65248,65280,65312,65344,65344,65376,65408,65440,65472,65504,65504,53216,42976,30688,18400,6112,2018,2024,2030,2036,2041,1983,1727,1471,1215,991,735,479,223,31,31,31,31,31,31,31,31,31,31,31,31
31,31,31,31,31,31,63,127,191,255,351,447,543,639,735,831,927,1023,1119,1215,1535,1887,2042,2031,2020,12256,34784,57312,65408,65216,65248,65248,65280,65312,65312,65344,65344,65376,65408,65408,63456,51168,38880,24544,12256,2016,2023,2029,2036,2042,1983,1727,1503,1247,1023,767,543,287,63,31,31,31,31,31,31,31,31,31,31,31
31,31,31,31,31,63,95,159,223,287,383,447,543,639,735,831,927,991,1087,1183,1535,1887,2042,2031,2020,14304,36832,59360,65376,65184,65184,65216,65216,65248,65248,65280,65280,65280,65312,65312,65440,61408,47072,32736,16352,2016,2022,2029,2036,2043,1983,1759,1503,1279,1055,831,607,383,127,31,31,31,31,31,31,31,31,31,31,31
31,31,31,31,63,95,159,191,255,287,383,479,575,639,735,831,895,991,1087,1151,1535,1887,2042,2030,2019,16352,38880,63456,65344,65152,65152,65152,65184,65184,65184,65184,65184,65216,65216,65216,65344,65472,53216,38880,22496,6112,2020,2028,2036,2043,1983,1759,1535,1311,1087,895,671,447,223,31,31,31,31,31,31,31,31,31,31,31
31,31,31,63,127,159,191,255,287,319,415,479,575,639,735,799,895,991,1055,1151,1503,1887,2041,2030,2018,18400,42976,65504,65312,65120,65120,65120,65120,65120,65120,65120,65120,65120,65120,65120,65248,65408,61408,45024,28640,10208,2019,2027,2036,2044,1951,1759,1535,1343,1151,927,735,511,319,127,95,63,31,31,31,31,31,31,31,31
63,95,127,159,191,223,255,287,319,351,415,511,575,639,735,799,895,959,1055,1119,1503,1887,2041,2030,2018,20448,45024,65504,65280,65088,65088,65088,65056,65056,65056,65056,65056,65024,65024,65024,65184,65344,65472,51168,32736,14304,2018,2027,2036,2045,1951,1759,1567,1375,1183,991,799,607,415,223,191,127,95,63,31,31,31,31,31,31
127,159,191,223,255,255,287,319,351,351,447,511,575,671,735,799,863,959,1023,1087,1471,1855,2041,2029,2017,22496,47072,65472,65248,65056,65056,65024,65024,64992,64992,64960,64960,64960,64928,64928,65088,65248,65408,57312,38880,18400,2016,2026,2036,2045,1951,1759,1567,1407,1215,1055,863,671,511,319,255,223,159,127,63,31,31,31,31,31
223,255,255,287,287,319,319,351,351,383,447,511,607,671,735,799,863,927,1023,1087,1471,1855,2041,2029,2016,24544,49120,65440,65216,65024,64992,64992,64960,64928,64928,64896,64896,64864,64832,64832,64992,65184,65344,63456,42976,22496,2016,2025,2036,2046,1919,1759,1599,1439,1279,1087,927,767,607,415,351,287,255,191,127,63,31,31,31,31
319,351,351,351,351,383,383,383,383,415,479,543,607,671,735,799,863,927,991,1055,1471,1855,2041,2028,2016,26592,51168,65408,65216,64992,64960,64928,64896,64896,64864,64832,64800,64768,64736,64736,64896,65088,65280,65472,49120,26592,4064,2025,2036,2047,1919,1759,1631,1471,1311,1151,991,831,671,511,447,383,319,255,159,95,31,31,31,31

