0.00,0.00,0.00,0.00,0.00,0.00,0.00,0.00,0.00,0.00,0.00,0.00,0.00,0.00,0.00,0.00,0.00,0.00,0.00,0.00,0.00,0.00,0.00,0.00,0.00,0.00,0.00,0.00,0.00,0.00,0.00,0.00,0.00,0.00,0.00,0.00,0.00,0.00,0.00,0.00,0.00,0.00,0.00,0.00,0.00,0.00,0.00,0.00,0.00,0.00,0.00,0.00,0.00,0.00,0.00,0.00,0.00,0.00,0.00,0.00,0.00,0.00,0.00,0.00,0.00,0.00,0.00,0.00,0.00,0.00,0.00,0.00,0.00,0.00,0.00,0.00,0.00,0.00,0.00,0.00,
0.00,0.00,0.00,0.00,0.00,0.00,0.00,0.00,0.00,0.00,0.00,0.00,0.00,0.00,0.00,0.00,0.00,0.00,0.00,0.00,0.00,0.00,0.00,0.00,0.00,0.00,0.00,0.00,0.00,0.00,0.00,0.00,0.00,0.00,0.00,0.00,0.00,0.00,0.00,0.00,0.00,0.00,0.00,0.00,0.00,0.00,0.00,0.00,0.00,0.00,0.00,0.00,0.00,0.00,0.00,0.00,0.00,0.00,0.00,0.00,0.00,0.00,0.00,0.00,0.00,0.00,0.00,0.00,0.00,0.00,0.00,0.00,0.00,0.00,0.00,0.00,0.00,0.00,0.00,0.00,
0.00,0.00,0.00,0.00,0.00,0.00,0.00,0.00,0.00,0.00,0.00,0.00,0.00,0.00,0.00,0.00,0.00,0.00,0.00,0.00,0.00,0.00,0.00,0.00,0.00,0.00,0.00,0.00,0.00,0.00,0.00,0.00,0.00,0.00,0.00,0.00,0.00,0.00,0.00,0.00,0.00,0.00,0.00,0.00,0.00,0.00,0.00,0.00,0.00,0.00,0.00,0.00,0.00,0.00,0.00,0.00,0.00,0.00,0.00,0.00,0.00,0.00,0.00,0.00,0.00,0.00,0.00,0.00,0.00,0.00,0.00,0.00,0.00,0.00,0.00,0.00,0.00,0.00,0.00,0.00,
0.00,0.00,0.00,0.00,0.00,0.00,0.00,0.00,0.00,0.00,0.00,0.00,0.00,0.00,0.00,0.00,0.00,0.00,0.00,0.00,0.00,0.00,0.00,0.00,0.00,0.00,0.00,0.00,0.00,0.00,0.00,0.00,0.00,0.00,0.00,0.00,0.00,0.00,0.00,0.00,0.00,0.00,0.00,0.00,0.00,0.00,0.00,0.00,0.00,0.00,0.00,0.00,0.00,0.00,0.00,0.00,0.00,0.00,0.00,0.00,0.00,0.00,0.00,0.00,0.00,0.00,0.00,0.00,0.00,0.00,0.00,0.00,0.00,0.00,0.00,0.00,0.00,0.00,0.00,0.00,
0.00,0.00,0.00,0.00,0.00,0.00,0.00,0.00,0.00,0.00,0.00,0.00,0.00,0.00,0.00,0.00,0.00,0.00,0.00,0.00,0.00,0.00,0.00,0.00,0.00,0.00,0.00,0.00,0.00,0.00,0.00,0.00,0.00,0.00,0.00,0.00,0.00,0.00,0.00,0.00,0.00,0.00,0.00,0.00,0.00,0.00,0.00,0.00,0.00,0.00,0.00,0.00,0.00,0.00,0.00,0.00,0.00,0.00,0.00,0.00,0.00,0.00,0.00,0.00,0.00,0.00,0.00,0.00,0.00,0.00,0.00,0.00,0.00,0.00,0.00,0.00,0.00,0.00,0.00,0.00,
0.00,0.00,0.00,0.00,0.00,0.00,0.00,0.00,0.00,0.00,0.00,0.00,0.00,0.00,0.00,0.00,0.00,0.00,0.00,0.00,0.00,0.00,0.00,0.00,0.00,0.00,0.00,0.00,0.00,0.00,0.00,0.00,0.00,0.00,0.00,0.00,0.00,0.00,0.00,0.00,0.00,0.00,0.00,0.00,0.00,0.00,0.00,0.00,0.00,0.00,0.00,0.00,0.00,0.00,0.00,0.00,0.00,0.00,0.00,0.00,0.00,0.00,0.00,0.00,0.00,0.00,0.00,0.00,0.00,0.00,0.00,0.00,0.00,0.00,0.00,0.00,0.00,0.00,0.00,0.00,
0.00,0.00,0.00,0.00,0.00,0.00,0.00,0.00,0.00,0.00,0.00,0.00,0.00,0.00,0.00,0.00,0.00,0.00,0.00,0.00,0.00,0.00,0.00,0.00,0.00,0.00,0.00,0.00,0.00,0.00,0.00,0.00,0.00,0.00,0.00,0.00,0.00,0.00,0.00,0.00,0.00,0.00,0.00,0.00,0.00,0.00,0.00,0.00,0.00,0.00,0.00,0.00,0.00,0.00,0.00,0.00,0.00,0.00,0.00,0.00,0.00,0.00,0.00,0.00,0.00,0.00,0.00,0.00,0.00,0.00,0.00,0.00,0.00,0.00,0.00,0.00,0.00,0.00,0.00,0.00,
0.00,0.00,0.00,0.00,0.00,0.00,0.00,0.00,0.00,0.00,0.00,0.00,0.00,0.00,0.00,0.00,0.00,0.00,0.00,0.00,0.00,0.00,0.00,0.00,0.00,0.00,0.00,0.00,0.00,0.00,0.00,0.00,0.00,0.00,0.00,0.00,0.00,0.00,0.00,0.00,0.00,0.00,0.00,0.00,0.00,0.00,0.00,0.00,0.00,0.00,0.00,0.00,0.00,0.00,0.00,0.00,0.00,0.00,0.00,0.00,0.00,0.00,0.00,0.00,0.00,0.00,0.00,0.00,0.00,0.00,0.00,0.00,0.00,0.00,0.00,0.00,0.00,0.00,0.00,0.00,
0.00,0.00,0.00,0.00,0.00,0.00,0.00,0.00,0.00,0.00,0.00,0.00,0.00,0.00,0.00,0.00,0.00,0.00,0.00,0.00,0.00,0.00,0.00,0.00,0.00,0.00,0.00,0.00,0.00,0.00,0.00,0.00,0.00,0.00,0.00,0.00,0.00,0.00,0.00,0.00,0.00,0.00,0.00,0.00,0.00,0.00,0.00,0.00,0.00,0.00,0.00,0.00,0.00,0.00,0.00,0.00,0.00,0.00,0.00,0.00,0.00,0.00,0.00,0.00,0.00,0.00,0.00,0.00,0.00,0.00,0.00,0.00,0.00,0.00,0.00,0.00,0.00,0.00,0.00,0.00,
0.00,0.00,0.00,0.00,0.00,0.00,0.00,0.00,0.00,0.00,0.00,0.00,0.00,0.00,0.00,0.00,0.00,0.00,0.00,0.00,0.00,0.00,0.00,0.00,0.00,0.00,0.00,0.00,0.00,0.00,0.00,0.00,0.00,0.00,0.00,0.00,0.00,0.00,0.00,0.00,0.00,0.00,0.00,0.00,0.00,0.00,0.00,0.00,0.00,0.00,0.00,0.00,0.00,0.00,0.00,0.00,0.00,0.00,0.00,0.00,0.00,0.00,0.00,0.00,0.00,0.00,0.00,0.00,0.00,0.00,0.00,0.00,0.00,0.00,0.00,0.00,0.00,0.00,0.00,0.00,
0.00,0.00,0.00,0.00,0.00,0.00,0.00,0.00,0.00,21.58,21.50,21.43,21.36,21.28,21.21,21.14,21.07,21.00,20.92,20.85,20.80,20.75,20.70,20.65,20.60,20.55,20.50,20.45,20.40,20.35,20.28,20.22,20.16,20.09,20.03,19.96,19.90,19.83,19.77,19.70,19.77,19.83,19.90,19.96,20.03,20.09,20.16,20.22,20.28,20.35,20.38,20.41,20.44,20.47,20.50,20.53,20.56,20.59,20.62,20.65,20.63,20.61,20.60,20.58,20.56,20.55,20.53,20.51,20.49,20.48,20.39,20.31,20.22,20.14,20.05,19.97,19.88,19.80,19.71,19.62,
0.00,0.00,0.00,0.00,0.00,0.00,0.00,0.00,0.00,21.65,21.58,21.51,21.44,21.37,21.30,21.23,21.16,21.09,21.02,20.95,20.90,20.85,20.80,20.75,20.70,20.65,20.60,20.55,20.50,20.45,20.40,20.34,20.28,20.23,20.17,20.12,20.07,20.01,19.95,19.90,19.95,20.01,20.07,20.12,20.17,20.23,20.28,20.34,20.40,20.45,20.49,20.52,20.56,20.59,20.62,20.66,20.69,20.73,20.76,20.80,20.76,20.73,20.69,20.66,20.62,20.59,20.56,20.52,20.49,20.45,20.38,20.31,20.24,20.17,20.10,20.03,19.96,19.89,19.82,19.75,
0.00,0.00,0.00,0.00,0.00,0.00,0.00,0.00,0.00,21.73,21.66,21.59,21.52,21.45,21.39,21.32,21.25,21.18,21.12,21.05,21.00,20.95,20.90,20.85,20.80,20.75,20.70,20.65,20.60,20.55,20.50,20.46,20.41,20.37,20.33,20.28,20.24,20.19,20.15,20.10,20.15,20.19,20.24,20.28,20.33,20.37,20.41,20.46,20.50,20.55,20.59,20.63,20.67,20.71,20.75,20.79,20.83,20.87,20.91,20.95,20.90,20.85,20.79,20.74,20.69,20.64,20.58,20.53,20.48,20.42,20.37,20.31,20.26,20.20,20.15,20.09,20.04,19.99,19.93,19.87,
0.00,0.00,0.00,0.00,0.00,0.00,0.00,0.00,0.00,21.80,21.73,21.67,21.60,21.54,21.47,21.41,21.34,21.28,21.22,21.15,21.10,21.05,21.00,20.95,20.90,20.85,20.80,20.75,20.70,20.65,20.61,20.58,20.55,20.51,20.47,20.44,20.40,20.37,20.33,20.30,20.33,20.37,20.40,20.44,20.47,20.51,20.55,20.58,20.61,20.65,20.69,20.74,20.78,20.83,20.87,20.92,20.97,21.01,21.06,21.10,21.03,20.96,20.89,20.82,20.75,20.68,20.61,20.54,20.47,20.40,20.36,20.32,20.28,20.24,20.20,20.16,20.12,20.08,20.04,20.00,
0.00,0.00,0.00,0.00,0.00,0.00,0.00,0.00,0.00,21.87,21.81,21.75,21.69,21.62,21.56,21.50,21.44,21.37,21.31,21.25,21.20,21.15,21.10,21.05,21.00,20.95,20.90,20.85,20.80,20.75,20.73,20.70,20.67,20.65,20.62,20.60,20.58,20.55,20.52,20.50,20.52,20.55,20.58,20.60,20.62,20.65,20.67,20.70,20.73,20.75,20.80,20.85,20.90,20.95,21.00,21.05,21.10,21.15,21.20,21.25,21.16,21.08,20.99,20.90,20.81,20.73,20.64,20.55,20.46,20.37,20.35,20.33,20.30,20.27,20.25,20.23,20.20,20.17,20.15,20.12,
0.00,0.00,0.00,0.00,0.00,0.00,0.00,0.00,0.00,21.95,21.89,21.83,21.77,21.71,21.65,21.59,21.53,21.47,21.41,21.35,21.30,21.25,21.20,21.15,21.10,21.05,21.00,20.95,20.90,20.85,20.84,20.82,20.81,20.79,20.78,20.76,20.75,20.73,20.72,20.70,20.72,20.73,20.75,20.76,20.78,20.79,20.81,20.82,20.84,20.85,20.91,20.96,21.01,21.07,21.12,21.18,21.24,21.29,21.34,21.40,21.30,21.19,21.08,20.98,20.87,20.77,20.67,20.56,20.45,20.35,20.34,20.33,20.32,20.31,20.30,20.29,20.28,20.27,20.26,20.25,
0.00,0.00,0.00,0.00,0.00,0.00,0.00,0.00,0.00,22.02,21.97,21.91,21.85,21.80,21.74,21.68,21.62,21.57,21.51,21.45,21.40,21.35,21.30,21.25,21.20,21.15,21.10,21.05,21.00,20.95,20.94,20.94,20.94,20.93,20.92,20.92,20.92,20.91,20.90,20.90,20.90,20.91,20.92,20.92,20.92,20.93,20.94,20.94,20.94,20.95,21.01,21.07,21.13,21.19,21.25,21.31,21.37,21.43,21.49,21.55,21.43,21.31,21.18,21.06,20.94,20.82,20.69,20.57,20.45,20.33,20.33,20.34,20.34,20.35,20.35,20.35,20.36,20.36,20.37,20.37,
0.00,0.00,0.00,0.00,0.00,0.00,0.00,0.00,0.00,22.10,22.05,21.99,21.93,21.88,21.83,21.77,21.72,21.66,21.60,21.55,21.50,21.45,21.40,21.35,21.30,21.25,21.20,21.15,21.10,21.05,21.06,21.06,21.06,21.07,21.08,21.08,21.08,21.09,21.10,21.10,21.10,21.09,21.08,21.08,21.08,21.07,21.06,21.06,21.06,21.05,21.11,21.18,21.24,21.31,21.37,21.44,21.51,21.57,21.64,21.70,21.56,21.42,21.28,21.14,21.00,20.86,20.72,20.58,20.44,20.30,20.32,20.34,20.36,20.38,20.40,20.42,20.44,20.46,20.48,20.50,
0.00,0.00,0.00,0.00,0.00,0.00,0.00,0.00,0.00,22.17,22.12,22.07,22.02,21.97,21.91,21.86,21.81,21.75,21.70,21.65,21.60,21.55,21.50,21.45,21.40,21.35,21.30,21.25,21.20,21.15,21.16,21.18,21.19,21.21,21.22,21.24,21.25,21.27,21.28,21.30,21.28,21.27,21.25,21.24,21.22,21.21,21.19,21.18,21.16,21.15,21.22,21.29,21.36,21.43,21.50,21.57,21.64,21.71,21.78,21.85,21.69,21.53,21.38,21.22,21.06,20.91,20.75,20.59,20.43,20.27,20.31,20.34,20.38,20.41,20.45,20.49,20.52,20.56,20.59,20.62,
0.00,0.00,0.00,0.00,0.00,0.00,0.00,0.00,0.00,22.25,22.20,22.15,22.10,22.05,22.00,21.95,21.90,21.85,21.80,21.75,21.70,21.65,21.60,21.55,21.50,21.45,21.40,21.35,21.30,21.25,21.27,21.30,21.33,21.35,21.37,21.40,21.42,21.45,21.48,21.50,21.48,21.45,21.42,21.40,21.37,21.35,21.33,21.30,21.27,21.25,21.33,21.40,21.48,21.55,21.62,21.70,21.77,21.85,21.92,22.00,21.83,21.65,21.48,21.30,21.12,20.95,20.77,20.60,20.42,20.25,20.30,20.35,20.40,20.45,20.50,20.55,20.60,20.65,20.70,20.75,
0.00,0.00,0.00,0.00,0.00,0.00,0.00,0.00,0.00,22.27,22.22,22.17,22.12,22.07,22.01,21.96,21.91,21.85,21.80,21.75,21.72,21.68,21.65,21.61,21.58,21.54,21.50,21.47,21.43,21.40,21.43,21.46,21.49,21.52,21.55,21.58,21.61,21.64,21.67,21.70,21.69,21.67,21.66,21.64,21.62,21.61,21.59,21.58,21.56,21.55,21.60,21.65,21.71,21.76,21.81,21.86,21.92,21.97,22.02,22.08,21.93,21.78,21.62,21.48,21.33,21.18,21.03,20.87,20.73,20.58,20.59,20.60,20.60,20.61,20.62,20.64,20.65,20.65,20.66,20.67,
0.00,0.00,0.00,0.00,0.00,0.00,0.00,0.00,0.00,22.30,22.24,22.19,22.14,22.08,22.02,21.97,21.91,21.86,21.81,21.75,21.73,21.71,21.69,21.67,21.65,21.63,21.61,21.59,21.57,21.55,21.58,21.62,21.65,21.69,21.72,21.76,21.80,21.83,21.86,21.90,21.90,21.89,21.89,21.88,21.87,21.87,21.86,21.86,21.85,21.85,21.88,21.91,21.94,21.97,22.00,22.03,22.06,22.09,22.12,22.15,22.02,21.90,21.77,21.65,21.52,21.40,21.27,21.15,21.02,20.90,20.87,20.84,20.81,20.78,20.75,20.72,20.69,20.66,20.63,20.60,
0.00,0.00,0.00,0.00,0.00,0.00,0.00,0.00,0.00,22.33,22.27,22.21,22.15,22.10,22.04,21.98,21.92,21.86,21.81,21.75,21.75,21.74,21.74,21.73,21.73,21.72,21.72,21.71,21.70,21.70,21.74,21.78,21.82,21.86,21.90,21.94,21.98,22.02,22.06,22.10,22.10,22.11,22.11,22.12,22.12,22.13,22.14,22.14,22.15,22.15,22.16,22.16,22.17,22.18,22.19,22.19,22.20,22.21,22.22,22.23,22.12,22.02,21.93,21.83,21.73,21.62,21.52,21.43,21.33,21.23,21.16,21.09,21.01,20.94,20.87,20.81,20.74,20.66,20.59,20.52,
0.00,0.00,0.00,0.00,0.00,0.00,0.00,0.00,0.00,22.35,22.29,22.23,22.17,22.11,22.05,21.99,21.93,21.87,21.81,21.75,21.76,21.77,21.78,21.79,21.80,21.81,21.82,21.83,21.84,21.85,21.90,21.94,21.99,22.03,22.08,22.12,22.16,22.21,22.25,22.30,22.31,22.33,22.34,22.36,22.37,22.39,22.41,22.42,22.44,22.45,22.44,22.42,22.41,22.39,22.37,22.36,22.34,22.33,22.31,22.30,22.22,22.15,22.07,22.00,21.92,21.85,21.77,21.70,21.62,21.55,21.44,21.33,21.22,21.11,21.00,20.89,20.78,20.67,20.56,20.45,
0.00,0.00,0.00,0.00,0.00,0.00,0.00,0.00,0.00,22.37,22.31,22.25,22.19,22.12,22.06,22.00,21.94,21.87,21.81,21.75,21.77,21.80,21.83,21.85,21.87,21.90,21.92,21.95,21.98,22.00,22.05,22.10,22.15,22.20,22.25,22.30,22.35,22.40,22.45,22.50,22.52,22.55,22.58,22.60,22.62,22.65,22.67,22.70,22.73,22.75,22.71,22.67,22.64,22.60,22.56,22.52,22.49,22.45,22.41,22.37,22.33,22.27,22.23,22.17,22.12,22.08,22.02,21.98,21.92,21.87,21.73,21.58,21.42,21.27,21.12,20.98,20.83,20.67,20.52,20.37,
0.00,0.00,0.00,0.00,0.00,0.00,0.00,0.00,0.00,22.40,22.33,22.27,22.20,22.14,22.08,22.01,21.94,21.88,21.82,21.75,21.79,21.83,21.87,21.91,21.95,21.99,22.03,22.07,22.11,22.15,22.20,22.26,22.32,22.37,22.42,22.48,22.53,22.59,22.65,22.70,22.74,22.77,22.81,22.84,22.87,22.91,22.94,22.98,23.01,23.05,22.99,22.93,22.87,22.81,22.75,22.69,22.63,22.57,22.51,22.45,22.43,22.40,22.37,22.35,22.33,22.30,22.28,22.25,22.23,22.20,22.01,21.82,21.63,21.44,21.25,21.06,20.87,20.68,20.49,20.30,
0.00,0.00,0.00,0.00,0.00,0.00,0.00,0.00,0.00,22.42,22.36,22.29,22.22,22.15,22.09,22.02,21.95,21.89,21.82,21.75,21.81,21.86,21.91,21.97,22.02,22.08,22.14,22.19,22.24,22.30,22.36,22.42,22.48,22.54,22.60,22.66,22.72,22.78,22.84,22.90,22.94,22.99,23.03,23.08,23.12,23.17,23.22,23.26,23.31,23.35,23.27,23.18,23.10,23.02,22.94,22.85,22.77,22.69,22.61,22.52,22.52,22.52,22.52,22.52,22.52,22.52,22.52,22.52,22.52,22.52,22.30,22.07,21.83,21.60,21.37,21.15,20.92,20.68,20.45,20.23,
0.00,0.00,0.00,0.00,0.00,0.00,0.00,0.00,0.00,22.45,22.38,22.31,22.24,22.17,22.10,22.03,21.96,21.89,21.82,21.75,21.82,21.89,21.96,22.03,22.10,22.17,22.24,22.31,22.38,22.45,22.52,22.58,22.65,22.71,22.78,22.84,22.91,22.97,23.03,23.10,23.16,23.21,23.26,23.32,23.37,23.43,23.49,23.54,23.59,23.65,23.55,23.44,23.33,23.23,23.12,23.02,22.92,22.81,22.70,22.60,22.62,22.65,22.68,22.70,22.73,22.75,22.77,22.80,22.83,22.85,22.58,22.31,22.04,21.77,21.50,21.23,20.96,20.69,20.42,20.15,
0.00,0.00,0.00,0.00,0.00,0.00,0.00,0.00,0.00,22.48,22.40,22.33,22.26,22.18,22.11,22.04,21.97,21.90,21.82,21.75,21.83,21.92,22.01,22.09,22.17,22.26,22.35,22.43,22.51,22.60,22.67,22.74,22.81,22.88,22.95,23.02,23.09,23.16,23.23,23.30,23.36,23.43,23.49,23.56,23.62,23.69,23.76,23.82,23.89,23.95,23.82,23.69,23.57,23.44,23.31,23.18,23.06,22.93,22.80,22.67,22.72,22.77,22.82,22.87,22.92,22.97,23.02,23.07,23.12,23.17,22.86,22.56,22.24,21.93,21.62,21.32,21.01,20.69,20.39,20.08,
0.00,0.00,0.00,0.00,0.00,0.00,0.00,0.00,0.00,22.50,22.42,22.35,22.27,22.20,22.12,22.05,21.98,21.90,21.83,21.75,21.85,21.95,22.05,22.15,22.25,22.35,22.45,22.55,22.65,22.75,22.83,22.90,22.98,23.05,23.12,23.20,23.27,23.35,23.42,23.50,23.58,23.65,23.73,23.80,23.87,23.95,24.02,24.10,24.17,24.25,24.10,23.95,23.80,23.65,23.50,23.35,23.20,23.05,22.90,22.75,22.83,22.90,22.98,23.05,23.12,23.20,23.27,23.35,23.42,23.50,23.15,22.80,22.45,22.10,21.75,21.40,21.05,20.70,20.35,20.00,
0.00,0.00,0.00,0.00,0.00,0.00,0.00,0.00,0.00,23.00,22.94,22.87,22.81,22.75,22.69,22.62,22.56,22.50,22.44,22.37,22.48,22.58,22.67,22.77,22.87,22.98,23.08,23.17,23.27,23.37,23.43,23.48,23.53,23.58,23.64,23.69,23.74,23.80,23.85,23.90,23.98,24.06,24.14,24.22,24.30,24.38,24.46,24.54,24.62,24.70,24.54,24.39,24.23,24.07,23.91,23.76,23.60,23.44,23.28,23.12,23.21,23.30,23.39,23.48,23.56,23.65,23.74,23.83,23.91,24.00,23.63,23.26,22.89,22.52,22.15,21.78,21.41,21.04,20.67,20.30,
0.00,0.00,0.00,0.00,0.00,0.00,0.00,0.00,0.00,23.50,23.45,23.40,23.35,23.30,23.25,23.20,23.15,23.10,23.05,23.00,23.10,23.20,23.30,23.40,23.50,23.60,23.70,23.80,23.90,24.00,24.03,24.06,24.09,24.12,24.15,24.18,24.21,24.24,24.27,24.30,24.38,24.47,24.56,24.64,24.72,24.81,24.90,24.98,25.06,25.15,24.99,24.82,24.65,24.49,24.33,24.16,23.99,23.83,23.67,23.50,23.60,23.70,23.80,23.90,24.00,24.10,24.20,24.30,24.40,24.50,24.11,23.72,23.33,22.94,22.55,22.16,21.77,21.38,20.99,20.60,
0.00,0.00,0.00,0.00,0.00,0.00,0.00,0.00,0.00,24.00,23.96,23.92,23.89,23.85,23.81,23.77,23.74,23.70,23.66,23.62,23.73,23.83,23.92,24.02,24.12,24.23,24.33,24.42,24.52,24.62,24.63,24.64,24.65,24.66,24.66,24.67,24.68,24.69,24.69,24.70,24.79,24.88,24.97,25.06,25.15,25.24,25.33,25.42,25.51,25.60,25.43,25.26,25.08,24.91,24.74,24.57,24.39,24.22,24.05,23.87,23.99,24.10,24.21,24.33,24.44,24.55,24.66,24.77,24.89,25.00,24.59,24.18,23.77,23.36,22.95,22.54,22.13,21.72,21.31,20.90,
0.00,0.00,0.00,0.00,0.00,0.00,0.00,0.00,0.00,24.50,24.48,24.45,24.42,24.40,24.37,24.35,24.33,24.30,24.27,24.25,24.35,24.45,24.55,24.65,24.75,24.85,24.95,25.05,25.15,25.25,25.24,25.22,25.20,25.19,25.17,25.16,25.15,25.13,25.11,25.10,25.19,25.29,25.39,25.48,25.58,25.67,25.76,25.86,25.95,26.05,25.87,25.69,25.51,25.33,25.15,24.97,24.79,24.61,24.43,24.25,24.37,24.50,24.62,24.75,24.87,25.00,25.12,25.25,25.37,25.50,25.07,24.64,24.21,23.78,23.35,22.92,22.49,22.06,21.63,21.20,
0.00,0.00,0.00,0.00,0.00,0.00,0.00,0.00,0.00,25.00,24.99,24.98,24.96,24.95,24.94,24.92,24.91,24.90,24.89,24.87,24.98,25.08,25.17,25.27,25.37,25.48,25.58,25.67,25.77,25.87,25.84,25.80,25.76,25.73,25.69,25.65,25.61,25.58,25.54,25.50,25.60,25.70,25.80,25.90,26.00,26.10,26.20,26.30,26.40,26.50,26.31,26.12,25.94,25.75,25.56,25.37,25.19,25.00,24.81,24.62,24.76,24.90,25.04,25.17,25.31,25.45,25.59,25.73,25.86,26.00,25.55,25.10,24.65,24.20,23.75,23.30,22.85,22.40,21.95,21.50,
0.00,0.00,0.00,0.00,0.00,0.00,0.00,0.00,0.00,25.50,25.50,25.50,25.50,25.50,25.50,25.50,25.50,25.50,25.50,25.50,25.60,25.70,25.80,25.90,26.00,26.10,26.20,26.30,26.40,26.50,26.44,26.38,26.32,26.26,26.20,26.14,26.08,26.02,25.96,25.90,26.00,26.11,26.22,26.32,26.42,26.53,26.64,26.74,26.85,26.95,26.76,26.56,26.36,26.17,25.98,25.78,25.59,25.39,25.19,25.00,25.15,25.30,25.45,25.60,25.75,25.90,26.05,26.20,26.35,26.50,26.03,25.56,25.09,24.62,24.15,23.68,23.21,22.74,22.27,21.80,
0.00,0.00,0.00,0.00,0.00,0.00,0.00,0.00,0.00,26.00,26.01,26.02,26.04,26.05,26.06,26.08,26.09,26.10,26.11,26.12,26.23,26.33,26.42,26.52,26.62,26.73,26.83,26.92,27.02,27.12,27.04,26.96,26.88,26.80,26.71,26.63,26.55,26.47,26.38,26.30,26.41,26.52,26.63,26.74,26.85,26.96,27.07,27.18,27.29,27.40,27.20,26.99,26.79,26.59,26.39,26.18,25.98,25.78,25.58,25.37,25.54,25.70,25.86,26.02,26.19,26.35,26.51,26.67,26.84,27.00,26.51,26.02,25.53,25.04,24.55,24.06,23.57,23.08,22.59,22.10,
0.00,0.00,0.00,0.00,0.00,0.00,0.00,0.00,0.00,26.50,26.52,26.55,26.58,26.60,26.62,26.65,26.67,26.70,26.73,26.75,26.85,26.95,27.05,27.15,27.25,27.35,27.45,27.55,27.65,27.75,27.65,27.54,27.43,27.33,27.23,27.12,27.02,26.91,26.81,26.70,26.82,26.93,27.05,27.16,27.28,27.39,27.51,27.62,27.74,27.85,27.64,27.43,27.22,27.01,26.80,26.59,26.38,26.17,25.96,25.75,25.92,26.10,26.27,26.45,26.62,26.80,26.98,27.15,27.33,27.50,26.99,26.48,25.97,25.46,24.95,24.44,23.93,23.42,22.91,22.40,
0.00,0.00,0.00,0.00,0.00,0.00,0.00,0.00,0.00,27.00,27.04,27.08,27.11,27.15,27.19,27.23,27.26,27.30,27.34,27.37,27.48,27.58,27.67,27.77,27.87,27.98,28.08,28.17,28.27,28.37,28.25,28.12,27.99,27.86,27.74,27.61,27.48,27.35,27.23,27.10,27.22,27.34,27.46,27.58,27.70,27.82,27.94,28.06,28.18,28.30,28.08,27.86,27.65,27.43,27.21,26.99,26.78,26.56,26.34,26.12,26.31,26.50,26.69,26.87,27.06,27.25,27.44,27.62,27.81,28.00,27.47,26.94,26.41,25.88,25.35,24.82,24.29,23.76,23.23,22.70,
0.00,0.00,0.00,0.00,0.00,0.00,0.00,0.00,0.00,27.50,27.55,27.60,27.65,27.70,27.75,27.80,27.85,27.90,27.95,28.00,28.10,28.20,28.30,28.40,28.50,28.60,28.70,28.80,28.90,29.00,28.85,28.70,28.55,28.40,28.25,28.10,27.95,27.80,27.65,27.50,27.62,27.75,27.87,28.00,28.12,28.25,28.37,28.50,28.62,28.75,28.52,28.30,28.08,27.85,27.62,27.40,27.17,26.95,26.73,26.50,26.70,26.90,27.10,27.30,27.50,27.70,27.90,28.10,28.30,28.50,27.95,27.40,26.85,26.30,25.75,25.20,24.65,24.10,23.55,23.00,
0.00,0.00,0.00,0.00,0.00,0.00,0.00,0.00,0.00,27.52,27.57,27.62,27.67,27.72,27.76,27.81,27.86,27.91,27.95,28.00,28.10,28.20,28.31,28.41,28.51,28.61,28.72,28.82,28.92,29.02,28.87,28.72,28.57,28.41,28.26,28.11,27.96,27.81,27.65,27.50,27.61,27.73,27.84,27.96,28.08,28.19,28.31,28.42,28.53,28.65,28.44,28.24,28.03,27.82,27.61,27.41,27.20,26.99,26.78,26.58,26.78,26.98,27.18,27.37,27.58,27.78,27.98,28.18,28.37,28.58,28.02,27.46,26.90,26.35,25.79,25.23,24.67,24.11,23.56,23.00,
0.00,0.00,0.00,0.00,0.00,0.00,0.00,0.00,0.00,27.55,27.59,27.64,27.68,27.73,27.77,27.82,27.86,27.91,27.95,28.00,28.10,28.21,28.32,28.42,28.52,28.63,28.73,28.84,28.94,29.05,28.89,28.74,28.58,28.43,28.27,28.12,27.97,27.81,27.66,27.50,27.60,27.71,27.82,27.92,28.02,28.13,28.23,28.34,28.44,28.55,28.36,28.17,27.98,27.79,27.60,27.41,27.22,27.03,26.84,26.65,26.85,27.05,27.25,27.45,27.65,27.85,28.05,28.25,28.45,28.65,28.08,27.52,26.95,26.39,25.83,25.26,24.69,24.13,23.57,23.00,
0.00,0.00,0.00,0.00,0.00,0.00,0.00,0.00,0.00,27.58,27.62,27.66,27.70,27.75,27.79,27.83,27.87,27.92,27.96,28.00,28.11,28.22,28.32,28.43,28.54,28.65,28.75,28.86,28.97,29.08,28.92,28.76,28.60,28.44,28.29,28.13,27.97,27.82,27.66,27.50,27.59,27.69,27.78,27.88,27.98,28.07,28.17,28.26,28.36,28.45,28.28,28.11,27.93,27.76,27.59,27.42,27.24,27.07,26.90,26.73,26.93,27.12,27.33,27.52,27.73,27.93,28.12,28.33,28.52,28.73,28.15,27.58,27.01,26.44,25.86,25.29,24.72,24.15,23.57,23.00,
0.00,0.00,0.00,0.00,0.00,0.00,0.00,0.00,0.00,27.60,27.64,27.68,27.72,27.76,27.80,27.84,27.88,27.92,27.96,28.00,28.11,28.22,28.33,28.44,28.55,28.66,28.77,28.88,28.99,29.10,28.94,28.78,28.62,28.46,28.30,28.14,27.98,27.82,27.66,27.50,27.58,27.67,27.76,27.84,27.92,28.01,28.10,28.18,28.26,28.35,28.19,28.04,27.89,27.73,27.58,27.42,27.26,27.11,26.95,26.80,27.00,27.20,27.40,27.60,27.80,28.00,28.20,28.40,28.60,28.80,28.22,27.64,27.06,26.48,25.90,25.32,24.74,24.16,23.58,23.00,
0.00,0.00,0.00,0.00,0.00,0.00,0.00,0.00,0.00,27.62,27.66,27.70,27.74,27.77,27.81,27.85,27.89,27.92,27.96,28.00,28.11,28.23,28.34,28.45,28.56,28.67,28.79,28.90,29.01,29.12,28.96,28.80,28.64,28.48,28.31,28.15,27.99,27.83,27.66,27.50,27.58,27.65,27.73,27.80,27.87,27.95,28.02,28.10,28.17,28.25,28.11,27.98,27.84,27.70,27.56,27.42,27.29,27.15,27.01,26.87,27.08,27.27,27.48,27.67,27.87,28.08,28.27,28.48,28.67,28.87,28.29,27.70,27.11,26.52,25.94,25.35,24.76,24.17,23.59,23.00,
0.00,0.00,0.00,0.00,0.00,0.00,0.00,0.00,0.00,27.65,27.68,27.72,27.75,27.79,27.83,27.86,27.90,27.93,27.97,28.00,28.11,28.23,28.34,28.46,28.58,28.69,28.81,28.92,29.03,29.15,28.99,28.82,28.65,28.49,28.33,28.16,27.99,27.83,27.67,27.50,27.57,27.63,27.69,27.76,27.83,27.89,27.95,28.02,28.08,28.15,28.03,27.91,27.79,27.67,27.55,27.43,27.31,27.19,27.07,26.95,27.15,27.35,27.55,27.75,27.95,28.15,28.35,28.55,28.75,28.95,28.36,27.76,27.17,26.57,25.98,25.38,24.78,24.19,23.59,23.00,
0.00,0.00,0.00,0.00,0.00,0.00,0.00,0.00,0.00,27.67,27.71,27.74,27.77,27.81,27.84,27.87,27.90,27.93,27.97,28.00,28.12,28.24,28.35,28.47,28.59,28.70,28.82,28.94,29.06,29.17,29.01,28.84,28.67,28.50,28.34,28.17,28.00,27.83,27.67,27.50,27.56,27.61,27.66,27.72,27.77,27.83,27.89,27.94,27.99,28.05,27.95,27.84,27.74,27.64,27.54,27.43,27.33,27.23,27.13,27.02,27.23,27.42,27.62,27.82,28.02,28.23,28.42,28.62,28.82,29.02,28.42,27.82,27.22,26.61,26.01,25.41,24.81,24.20,23.60,23.00,
0.00,0.00,0.00,0.00,0.00,0.00,0.00,0.00,0.00,27.70,27.73,27.76,27.79,27.82,27.85,27.88,27.91,27.94,27.97,28.00,28.12,28.24,28.36,28.48,28.60,28.72,28.84,28.96,29.08,29.20,29.03,28.86,28.69,28.52,28.35,28.18,28.01,27.84,27.67,27.50,27.55,27.59,27.64,27.68,27.73,27.77,27.82,27.86,27.91,27.95,27.87,27.78,27.69,27.61,27.53,27.44,27.35,27.27,27.19,27.10,27.30,27.50,27.70,27.90,28.10,28.30,28.50,28.70,28.90,29.10,28.49,27.88,27.27,26.66,26.05,25.44,24.83,24.22,23.61,23.00,
0.00,0.00,0.00,0.00,0.00,0.00,0.00,0.00,0.00,27.73,27.75,27.78,27.81,27.84,27.86,27.89,27.92,27.94,27.97,28.00,28.12,28.25,28.37,28.49,28.61,28.74,28.86,28.98,29.10,29.23,29.05,28.88,28.71,28.53,28.36,28.19,28.02,27.84,27.67,27.50,27.53,27.57,27.60,27.64,27.67,27.71,27.75,27.78,27.82,27.85,27.78,27.72,27.65,27.58,27.51,27.44,27.38,27.31,27.24,27.17,27.37,27.57,27.77,27.97,28.17,28.37,28.57,28.77,28.97,29.17,28.56,27.94,27.32,26.70,26.09,25.47,24.85,24.24,23.62,23.00,
0.00,0.00,0.00,0.00,0.00,0.00,0.00,0.00,0.00,27.75,27.77,27.80,27.83,27.85,27.87,27.90,27.92,27.95,27.98,28.00,28.12,28.25,28.37,28.50,28.62,28.75,28.87,29.00,29.12,29.25,29.08,28.90,28.73,28.55,28.37,28.20,28.02,27.85,27.67,27.50,27.52,27.55,27.58,27.60,27.62,27.65,27.67,27.70,27.73,27.75,27.70,27.65,27.60,27.55,27.50,27.45,27.40,27.35,27.30,27.25,27.45,27.65,27.85,28.05,28.25,28.45,28.65,28.85,29.05,29.25,28.62,28.00,27.37,26.75,26.12,25.50,24.87,24.25,23.62,23.00,
0.00,0.00,0.00,0.00,0.00,0.00,0.00,0.00,0.00,27.67,27.69,27.70,27.72,27.74,27.75,27.76,27.78,27.80,27.81,27.83,27.97,28.11,28.25,28.39,28.53,28.67,28.81,28.94,29.09,29.23,29.06,28.90,28.73,28.57,28.40,28.24,28.07,27.91,27.74,27.58,27.59,27.60,27.60,27.61,27.62,27.64,27.65,27.65,27.66,27.67,27.61,27.55,27.49,27.42,27.36,27.30,27.24,27.17,27.11,27.05,27.25,27.45,27.65,27.85,28.05,28.25,28.45,28.65,28.85,29.05,28.43,27.81,27.19,26.57,25.95,25.33,24.71,24.09,23.47,22.85,
0.00,0.00,0.00,0.00,0.00,0.00,0.00,0.00,0.00,27.60,27.60,27.61,27.61,27.62,27.62,27.63,27.64,27.64,27.65,27.65,27.81,27.96,28.11,28.27,28.42,28.58,28.74,28.89,29.05,29.20,29.05,28.89,28.74,28.58,28.42,28.27,28.11,27.96,27.81,27.65,27.65,27.64,27.64,27.63,27.62,27.62,27.61,27.61,27.60,27.60,27.52,27.45,27.37,27.30,27.23,27.15,27.08,27.00,26.93,26.85,27.05,27.25,27.45,27.65,27.85,28.05,28.25,28.45,28.65,28.85,28.24,27.62,27.01,26.39,25.78,25.16,24.55,23.93,23.32,22.70,
0.00,0.00,0.00,0.00,0.00,0.00,0.00,0.00,0.00,27.52,27.52,27.51,27.51,27.50,27.50,27.50,27.49,27.49,27.48,27.48,27.65,27.82,27.99,28.16,28.33,28.49,28.66,28.83,29.00,29.17,29.03,28.89,28.74,28.59,28.45,28.31,28.16,28.01,27.87,27.73,27.70,27.68,27.67,27.65,27.62,27.60,27.58,27.57,27.55,27.52,27.44,27.35,27.26,27.17,27.09,27.00,26.91,26.82,26.74,26.65,26.85,27.05,27.25,27.45,27.65,27.85,28.05,28.25,28.45,28.65,28.04,27.43,26.82,26.21,25.60,24.99,24.38,23.77,23.16,22.55,
0.00,0.00,0.00,0.00,0.00,0.00,0.00,0.00,0.00,27.45,27.44,27.42,27.41,27.39,27.37,27.36,27.34,27.33,27.31,27.30,27.48,27.67,27.85,28.04,28.22,28.41,28.59,28.78,28.97,29.15,29.01,28.88,28.74,28.61,28.47,28.34,28.20,28.07,27.93,27.80,27.76,27.73,27.69,27.66,27.62,27.59,27.56,27.52,27.49,27.45,27.35,27.25,27.15,27.05,26.95,26.85,26.75,26.65,26.55,26.45,26.65,26.85,27.05,27.25,27.45,27.65,27.85,28.05,28.25,28.45,27.85,27.24,26.64,26.03,25.42,24.82,24.22,23.61,23.00,22.40,
0.00,0.00,0.00,0.00,0.00,0.00,0.00,0.00,0.00,27.37,27.35,27.33,27.30,27.27,27.25,27.23,27.20,27.17,27.15,27.12,27.33,27.52,27.73,27.92,28.12,28.33,28.52,28.73,28.92,29.12,29.00,28.87,28.75,28.62,28.50,28.37,28.25,28.12,28.00,27.87,27.83,27.77,27.73,27.67,27.62,27.58,27.52,27.48,27.42,27.37,27.26,27.15,27.04,26.92,26.81,26.70,26.59,26.48,26.36,26.25,26.45,26.65,26.85,27.05,27.25,27.45,27.65,27.85,28.05,28.25,27.65,27.05,26.45,25.85,25.25,24.65,24.05,23.45,22.85,22.25,
0.00,0.00,0.00,0.00,0.00,0.00,0.00,0.00,0.00,27.30,27.26,27.23,27.19,27.16,27.12,27.09,27.06,27.02,26.99,26.95,27.17,27.38,27.60,27.81,28.03,28.24,28.45,28.67,28.89,29.10,28.99,28.87,28.76,28.64,28.53,28.41,28.30,28.18,28.07,27.95,27.89,27.82,27.76,27.69,27.62,27.56,27.49,27.43,27.36,27.30,27.17,27.05,26.92,26.80,26.67,26.55,26.42,26.30,26.17,26.05,26.25,26.45,26.65,26.85,27.05,27.25,27.45,27.65,27.85,28.05,27.45,26.86,26.26,25.67,25.08,24.48,23.89,23.29,22.69,22.10,
0.00,0.00,0.00,0.00,0.00,0.00,0.00,0.00,0.00,27.23,27.18,27.14,27.09,27.05,27.00,26.95,26.91,26.86,26.82,26.77,27.00,27.24,27.47,27.69,27.92,28.16,28.39,28.61,28.85,29.08,28.97,28.86,28.76,28.66,28.55,28.44,28.34,28.24,28.13,28.02,27.94,27.86,27.78,27.70,27.62,27.55,27.47,27.39,27.31,27.23,27.09,26.95,26.81,26.68,26.54,26.40,26.26,26.12,25.99,25.85,26.05,26.25,26.45,26.65,26.85,27.05,27.25,27.45,27.65,27.85,27.26,26.67,26.08,25.49,24.90,24.31,23.72,23.13,22.54,21.95,
0.00,0.00,0.00,0.00,0.00,0.00,0.00,0.00,0.00,27.15,27.09,27.04,26.99,26.93,26.87,26.82,26.76,26.71,26.66,26.60,26.85,27.09,27.33,27.58,27.83,28.07,28.31,28.56,28.81,29.05,28.95,28.86,28.76,28.67,28.58,28.48,28.39,28.29,28.19,28.10,28.01,27.91,27.82,27.72,27.62,27.53,27.43,27.34,27.24,27.15,27.00,26.85,26.70,26.55,26.40,26.25,26.10,25.95,25.80,25.65,25.85,26.05,26.25,26.45,26.65,26.85,27.05,27.25,27.45,27.65,27.06,26.48,25.90,25.31,24.72,24.14,23.56,22.97,22.38,21.80,
0.00,0.00,0.00,0.00,0.00,0.00,0.00,0.00,0.00,27.08,27.01,26.94,26.88,26.82,26.75,26.68,26.62,26.56,26.49,26.42,26.68,26.94,27.20,27.47,27.72,27.98,28.24,28.50,28.76,29.02,28.94,28.85,28.77,28.68,28.60,28.51,28.43,28.34,28.26,28.17,28.06,27.95,27.84,27.74,27.62,27.51,27.41,27.30,27.19,27.08,26.91,26.75,26.59,26.43,26.26,26.10,25.94,25.78,25.61,25.45,25.65,25.85,26.05,26.25,26.45,26.65,26.85,27.05,27.25,27.45,26.87,26.29,25.71,25.13,24.55,23.97,23.39,22.81,22.23,21.65,
0.00,0.00,0.00,0.00,0.00,0.00,0.00,0.00,0.00,27.00,26.92,26.85,26.77,26.70,26.62,26.55,26.48,26.40,26.33,26.25,26.52,26.80,27.08,27.35,27.62,27.90,28.17,28.45,28.73,29.00,28.92,28.85,28.77,28.70,28.62,28.55,28.48,28.40,28.33,28.25,28.12,28.00,27.87,27.75,27.62,27.50,27.37,27.25,27.12,27.00,26.83,26.65,26.48,26.30,26.12,25.95,25.77,25.60,25.42,25.25,25.45,25.65,25.85,26.05,26.25,26.45,26.65,26.85,27.05,27.25,26.67,26.10,25.52,24.95,24.37,23.80,23.23,22.65,22.08,21.50,
0.00,0.00,0.00,0.00,0.00,0.00,0.00,0.00,0.00,26.67,26.59,26.51,26.43,26.35,26.27,26.19,26.11,26.03,25.95,25.87,26.12,26.37,26.62,26.86,27.11,27.36,27.61,27.85,28.10,28.35,28.28,28.22,28.15,28.08,28.01,27.94,27.88,27.81,27.74,27.67,27.56,27.45,27.34,27.22,27.11,27.00,26.89,26.77,26.66,26.55,26.38,26.22,26.06,25.89,25.72,25.56,25.40,25.23,25.06,24.90,25.07,25.24,25.42,25.59,25.76,25.93,26.11,26.28,26.45,26.62,26.09,25.56,25.02,24.49,23.95,23.41,22.88,22.34,21.81,21.27,
0.00,0.00,0.00,0.00,0.00,0.00,0.00,0.00,0.00,26.35,26.26,26.18,26.10,26.01,25.92,25.84,25.76,25.67,25.58,25.50,25.72,25.94,26.16,26.38,26.60,26.82,27.04,27.26,27.48,27.70,27.64,27.58,27.52,27.46,27.40,27.34,27.28,27.22,27.16,27.10,27.00,26.90,26.80,26.70,26.60,26.50,26.40,26.30,26.20,26.10,25.94,25.79,25.64,25.48,25.33,25.17,25.01,24.86,24.70,24.55,24.69,24.84,24.98,25.13,25.27,25.42,25.57,25.71,25.85,26.00,25.50,25.01,24.51,24.02,23.52,23.03,22.53,22.04,21.55,21.05,
0.00,0.00,0.00,0.00,0.00,0.00,0.00,0.00,0.00,26.02,25.93,25.84,25.75,25.66,25.58,25.49,25.40,25.31,25.22,25.12,25.32,25.51,25.70,25.90,26.09,26.28,26.47,26.66,26.86,27.05,27.00,26.94,26.89,26.84,26.79,26.73,26.68,26.63,26.58,26.52,26.44,26.35,26.26,26.17,26.09,26.00,25.91,25.82,25.74,25.65,25.50,25.36,25.22,25.07,24.92,24.78,24.64,24.49,24.35,24.20,24.32,24.44,24.55,24.67,24.79,24.91,25.02,25.14,25.26,25.37,24.92,24.47,24.01,23.56,23.10,22.65,22.19,21.74,21.28,20.83,
0.00,0.00,0.00,0.00,0.00,0.00,0.00,0.00,0.00,25.70,25.61,25.51,25.42,25.32,25.23,25.13,25.03,24.94,24.84,24.75,24.92,25.08,25.24,25.41,25.58,25.74,25.90,26.07,26.24,26.40,26.35,26.31,26.26,26.22,26.17,26.13,26.09,26.04,26.00,25.95,25.87,25.80,25.73,25.65,25.58,25.50,25.43,25.35,25.28,25.20,25.07,24.93,24.80,24.66,24.53,24.39,24.26,24.12,23.99,23.85,23.94,24.03,24.12,24.21,24.30,24.39,24.48,24.57,24.66,24.75,24.33,23.92,23.51,23.09,22.67,22.26,21.85,21.43,21.01,20.60,
0.00,0.00,0.00,0.00,0.00,0.00,0.00,0.00,0.00,25.37,25.27,25.17,25.08,24.98,24.87,24.77,24.67,24.58,24.48,24.37,24.51,24.65,24.79,24.92,25.06,25.20,25.34,25.48,25.61,25.75,25.71,25.67,25.64,25.60,25.56,25.52,25.49,25.45,25.41,25.37,25.31,25.25,25.19,25.12,25.06,25.00,24.94,24.87,24.81,24.75,24.62,24.50,24.37,24.25,24.12,24.00,23.87,23.75,23.62,23.50,23.56,23.62,23.69,23.75,23.81,23.87,23.94,24.00,24.06,24.12,23.75,23.37,23.00,22.62,22.25,21.87,21.50,21.12,20.75,20.37,
0.00,0.00,0.00,0.00,0.00,0.00,0.00,0.00,0.00,25.05,24.94,24.84,24.73,24.63,24.52,24.42,24.32,24.21,24.10,24.00,24.11,24.22,24.33,24.44,24.55,24.66,24.77,24.88,24.99,25.10,25.07,25.04,25.01,24.98,24.95,24.92,24.89,24.86,24.83,24.80,24.75,24.70,24.65,24.60,24.55,24.50,24.45,24.40,24.35,24.30,24.18,24.07,23.95,23.84,23.72,23.61,23.49,23.38,23.26,23.15,23.18,23.22,23.25,23.29,23.33,23.36,23.40,23.43,23.47,23.50,23.17,22.83,22.49,22.16,21.83,21.49,21.15,20.82,20.49,20.15,
0.00,0.00,0.00,0.00,0.00,0.00,0.00,0.00,0.00,24.73,24.61,24.51,24.40,24.28,24.17,24.07,23.95,23.84,23.74,23.62,23.71,23.79,23.87,23.95,24.04,24.12,24.20,24.28,24.37,24.45,24.43,24.41,24.38,24.36,24.34,24.32,24.29,24.27,24.25,24.23,24.19,24.15,24.11,24.08,24.04,24.00,23.96,23.93,23.89,23.85,23.75,23.64,23.53,23.43,23.33,23.22,23.11,23.01,22.90,22.80,22.81,22.81,22.82,22.83,22.84,22.84,22.85,22.86,22.87,22.87,22.58,22.28,21.99,21.69,21.40,21.10,20.81,20.51,20.22,19.92,
0.00,0.00,0.00,0.00,0.00,0.00,0.00,0.00,0.00,24.40,24.28,24.17,24.06,23.94,23.83,23.71,23.59,23.48,23.36,23.25,23.31,23.36,23.41,23.47,23.52,23.58,23.64,23.69,23.74,23.80,23.78,23.77,23.75,23.74,23.72,23.71,23.69,23.68,23.66,23.65,23.62,23.60,23.57,23.55,23.52,23.50,23.48,23.45,23.42,23.40,23.31,23.21,23.11,23.02,22.92,22.83,22.74,22.64,22.55,22.45,22.43,22.41,22.39,22.37,22.35,22.33,22.31,22.29,22.27,22.25,22.00,21.74,21.49,21.23,20.98,20.72,20.47,20.21,19.95,19.70,
0.00,0.00,0.00,0.00,0.00,0.00,0.00,0.00,0.00,24.08,23.95,23.84,23.72,23.60,23.48,23.35,23.24,23.11,23.00,22.87,22.90,22.93,22.96,22.99,23.01,23.04,23.07,23.09,23.12,23.15,23.14,23.14,23.13,23.12,23.11,23.10,23.10,23.09,23.08,23.08,23.06,23.05,23.04,23.03,23.01,23.00,22.99,22.98,22.96,22.95,22.87,22.78,22.69,22.61,22.53,22.44,22.35,22.27,22.19,22.10,22.05,22.01,21.96,21.91,21.86,21.82,21.77,21.72,21.67,21.62,21.41,21.19,20.98,20.76,20.55,20.34,20.12,19.91,19.69,19.48,
0.00,0.00,0.00,0.00,0.00,0.00,0.00,0.00,0.00,23.75,23.62,23.50,23.37,23.25,23.12,23.00,22.87,22.75,22.62,22.50,22.50,22.50,22.50,22.50,22.50,22.50,22.50,22.50,22.50,22.50,22.50,22.50,22.50,22.50,22.50,22.50,22.50,22.50,22.50,22.50,22.50,22.50,22.50,22.50,22.50,22.50,22.50,22.50,22.50,22.50,22.42,22.35,22.27,22.20,22.12,22.05,21.98,21.90,21.83,21.75,21.67,21.60,21.52,21.45,21.37,21.30,21.23,21.15,21.08,21.00,20.83,20.65,20.48,20.30,20.12,19.95,19.77,19.60,19.42,19.25,
0.00,0.00,0.00,0.00,0.00,0.00,0.00,0.00,0.00,23.80,23.66,23.52,23.39,23.25,23.11,22.97,22.84,22.70,22.56,22.42,22.42,22.41,22.40,22.40,22.39,22.38,22.37,22.36,22.36,22.35,22.34,22.34,22.33,22.32,22.31,22.31,22.30,22.29,22.28,22.27,22.27,22.27,22.27,22.27,22.27,22.27,22.27,22.27,22.27,22.27,22.22,22.15,22.09,22.03,21.97,21.91,21.85,21.80,21.73,21.67,21.60,21.53,21.46,21.39,21.31,21.24,21.17,21.10,21.02,20.95,20.78,20.61,20.45,20.28,20.11,19.94,19.78,19.61,19.44,19.27,
0.00,0.00,0.00,0.00,0.00,0.00,0.00,0.00,0.00,23.85,23.70,23.55,23.40,23.25,23.10,22.95,22.80,22.65,22.50,22.35,22.34,22.32,22.31,22.29,22.28,22.26,22.25,22.23,22.22,22.20,22.19,22.17,22.16,22.14,22.12,22.11,22.09,22.08,22.06,22.05,22.05,22.05,22.05,22.05,22.05,22.05,22.05,22.05,22.05,22.05,22.00,21.96,21.91,21.87,21.83,21.78,21.74,21.69,21.65,21.60,21.53,21.46,21.39,21.32,21.25,21.18,21.11,21.04,20.97,20.90,20.74,20.58,20.42,20.26,20.10,19.94,19.78,19.62,19.46,19.30,
0.00,0.00,0.00,0.00,0.00,0.00,0.00,0.00,0.00,23.90,23.74,23.57,23.41,23.25,23.09,22.92,22.76,22.60,22.44,22.27,22.25,22.23,22.21,22.18,22.16,22.14,22.12,22.09,22.07,22.05,22.03,22.00,21.98,21.96,21.94,21.92,21.89,21.87,21.85,21.83,21.83,21.83,21.83,21.83,21.83,21.83,21.83,21.83,21.83,21.83,21.80,21.77,21.74,21.70,21.67,21.65,21.61,21.58,21.56,21.52,21.46,21.39,21.32,21.25,21.19,21.12,21.05,20.99,20.92,20.85,20.70,20.55,20.39,20.24,20.09,19.94,19.78,19.63,19.48,19.33,
0.00,0.00,0.00,0.00,0.00,0.00,0.00,0.00,0.00,23.95,23.78,23.60,23.43,23.25,23.08,22.90,22.73,22.55,22.37,22.20,22.17,22.14,22.11,22.08,22.05,22.02,21.99,21.96,21.93,21.90,21.87,21.84,21.81,21.78,21.75,21.72,21.69,21.66,21.63,21.60,21.60,21.60,21.60,21.60,21.60,21.60,21.60,21.60,21.60,21.60,21.59,21.57,21.56,21.54,21.53,21.51,21.50,21.48,21.47,21.45,21.39,21.32,21.26,21.19,21.12,21.06,20.99,20.93,20.86,20.80,20.65,20.51,20.36,20.22,20.08,19.93,19.78,19.64,19.50,19.35,
0.00,0.00,0.00,0.00,0.00,0.00,0.00,0.00,0.00,24.00,23.81,23.62,23.44,23.25,23.06,22.87,22.69,22.50,22.31,22.12,22.09,22.05,22.01,21.98,21.94,21.90,21.86,21.83,21.79,21.75,21.71,21.67,21.64,21.60,21.56,21.52,21.49,21.45,21.41,21.37,21.37,21.37,21.37,21.37,21.37,21.37,21.37,21.37,21.37,21.37,21.37,21.37,21.37,21.37,21.37,21.37,21.37,21.37,21.37,21.37,21.31,21.25,21.19,21.12,21.06,21.00,20.94,20.87,20.81,20.75,20.61,20.48,20.34,20.20,20.06,19.92,19.79,19.65,19.51,19.37,
0.00,0.00,0.00,0.00,0.00,0.00,0.00,0.00,0.00,24.05,23.85,23.65,23.45,23.25,23.05,22.85,22.65,22.45,22.25,22.05,22.00,21.96,21.91,21.87,21.83,21.78,21.74,21.69,21.65,21.60,21.56,21.51,21.47,21.42,21.37,21.33,21.28,21.24,21.19,21.15,21.15,21.15,21.15,21.15,21.15,21.15,21.15,21.15,21.15,21.15,21.16,21.18,21.19,21.21,21.22,21.24,21.25,21.27,21.28,21.30,21.24,21.18,21.12,21.06,21.00,20.94,20.88,20.82,20.76,20.70,20.57,20.44,20.31,20.18,20.05,19.92,19.79,19.66,19.53,19.40,
0.00,0.00,0.00,0.00,0.00,0.00,0.00,0.00,0.00,24.10,23.89,23.68,23.46,23.25,23.04,22.83,22.61,22.40,22.19,21.98,21.92,21.87,21.82,21.77,21.71,21.66,21.61,21.56,21.50,21.45,21.40,21.35,21.29,21.24,21.19,21.14,21.08,21.03,20.98,20.92,20.92,20.92,20.92,20.92,20.92,20.92,20.92,20.92,20.92,20.92,20.95,20.98,21.01,21.05,21.08,21.10,21.14,21.17,21.19,21.23,21.17,21.11,21.05,21.00,20.94,20.88,20.82,20.76,20.71,20.65,20.53,20.40,20.28,20.16,20.04,19.91,19.79,19.67,19.55,19.42,
0.00,0.00,0.00,0.00,0.00,0.00,0.00,0.00,0.00,24.15,23.92,23.70,23.48,23.25,23.02,22.80,22.57,22.35,22.12,21.90,21.84,21.78,21.72,21.66,21.60,21.54,21.48,21.42,21.36,21.30,21.24,21.18,21.12,21.06,21.00,20.94,20.88,20.82,20.76,20.70,20.70,20.70,20.70,20.70,20.70,20.70,20.70,20.70,20.70,20.70,20.75,20.79,20.84,20.88,20.92,20.97,21.01,21.06,21.10,21.15,21.09,21.04,20.99,20.93,20.87,20.82,20.76,20.71,20.66,20.60,20.49,20.37,20.26,20.14,20.03,19.91,19.80,19.68,19.57,19.45,
0.00,0.00,0.00,0.00,0.00,0.00,0.00,0.00,0.00,24.20,23.96,23.73,23.49,23.25,23.01,22.78,22.54,22.30,22.06,21.83,21.76,21.69,21.62,21.56,21.49,21.42,21.35,21.28,21.22,21.15,21.08,21.01,20.95,20.88,20.81,20.75,20.68,20.61,20.54,20.48,20.48,20.48,20.48,20.48,20.48,20.48,20.48,20.48,20.48,20.48,20.53,20.60,20.66,20.72,20.78,20.84,20.90,20.95,21.02,21.08,21.02,20.97,20.92,20.86,20.81,20.76,20.71,20.65,20.60,20.55,20.44,20.33,20.23,20.12,20.01,19.91,19.80,19.69,19.58,19.48,
0.00,0.00,0.00,0.00,0.00,0.00,0.00,0.00,0.00,24.25,24.00,23.75,23.50,23.25,23.00,22.75,22.50,22.25,22.00,21.75,21.67,21.60,21.52,21.45,21.37,21.30,21.23,21.15,21.08,21.00,20.92,20.85,20.77,20.70,20.62,20.55,20.48,20.40,20.33,20.25,20.25,20.25,20.25,20.25,20.25,20.25,20.25,20.25,20.25,20.25,20.33,20.40,20.48,20.55,20.62,20.70,20.77,20.85,20.92,21.00,20.95,20.90,20.85,20.80,20.75,20.70,20.65,20.60,20.55,20.50,20.40,20.30,20.20,20.10,20.00,19.90,19.80,19.70,19.60,19.50,

